D:\Hang\3. Programs\SourceCode\Tool-PSSE-2\taoSuCo\gop.out
NAM 2030-CHE DO PHU TAI CUC DAI
TRUONG HOP VAN HANH BINH THUONG-PA1
                     1              2              3              4              5       
        Time(s)  ANGLE_NAMCUM4 ANGLE_NAMCUM3. ANGLE_NAMCUM1.    ANGLE_PACMA ANGLE_MUONGKIM
                                            6            2.5                             2
          -0.02        25.8036        25.6484        25.3875        35.5563       0.689907
          -0.01        25.8036        25.6484        25.3875        35.5563       0.689907
              0        25.8036        25.6484        25.3875        35.5563       0.689907
           0.01        25.8035        25.6484        25.3875        35.5562       0.689899
           0.02        25.8035        25.6484        25.3875        35.5562       0.689899
           0.03        25.8036        25.6484        25.3875        35.5563       0.689907
           0.04        25.8035        25.6484        25.3875        35.5562       0.689899
           0.05        25.8035        25.6484        25.3875        35.5562       0.689899
           0.06        25.8035        25.6484        25.3875        35.5562       0.689899
           0.07        25.8035        25.6484        25.3875        35.5562       0.689899
           0.08        25.8035        25.6484        25.3875        35.5562       0.689899
           0.09        25.8035        25.6484        25.3875        35.5562       0.689899
            0.1        25.8035        25.6484        25.3875        35.5562       0.689899
           0.11        25.8035        25.6484        25.3875        35.5562       0.689892
           0.12        25.8035        25.6484        25.3875        35.5562       0.689892
           0.13        25.8035        25.6484        25.3875        35.5562       0.689884
           0.14        25.8035        25.6484        25.3875        35.5562        0.68988
           0.15        25.8035        25.6484        25.3875        35.5562       0.689877
           0.16        25.8035        25.6484        25.3875        35.5562       0.689877
           0.17        25.8035        25.6484        25.3875        35.5562       0.689869
           0.18        25.8035        25.6484        25.3875        35.5562       0.689854
           0.19        25.8035        25.6484        25.3875        35.5562       0.689854
            0.2        25.8035        25.6483        25.3875        35.5562       0.689846
           0.21        25.8035        25.6483        25.3875        35.5562        0.68985
           0.22        25.8035        25.6483        25.3875        35.5562       0.689846
           0.23        25.8035        25.6483        25.3874        35.5562       0.689838
           0.24        25.8035        25.6483        25.3874        35.5562       0.689835
           0.25        25.8035        25.6483        25.3874        35.5562       0.689835
           0.26        25.8035        25.6483        25.3874        35.5562       0.689835
           0.27        25.8035        25.6483        25.3874        35.5562       0.689835
           0.28        25.8035        25.6483        25.3874        35.5562       0.689835
           0.29        25.8035        25.6483        25.3874        35.5562       0.689835
            0.3        25.8035        25.6483        25.3874        35.5562       0.689831
           0.31        25.8035        25.6483        25.3874        35.5562       0.689827
           0.32        25.8035        25.6483        25.3874        35.5562       0.689831
           0.33        25.8035        25.6483        25.3874        35.5562       0.689835
           0.34        25.8035        25.6483        25.3874        35.5562       0.689835
           0.35        25.8035        25.6483        25.3874        35.5562       0.689835
           0.36        25.8035        25.6483        25.3874        35.5562       0.689835
           0.37        25.8035        25.6483        25.3874        35.5562       0.689835
           0.38        25.8035        25.6483        25.3874        35.5562       0.689835
           0.39        25.8035        25.6483        25.3874        35.5562       0.689838
            0.4        25.8035        25.6483        25.3874        35.5562       0.689838
           0.41        25.8035        25.6483        25.3874        35.5562       0.689838
           0.42        25.8035        25.6483        25.3875        35.5562       0.689846
           0.43        25.8035        25.6483        25.3875        35.5562        0.68985
           0.44        25.8035        25.6483        25.3875        35.5562        0.68985
           0.45        25.8035        25.6483        25.3875        35.5562        0.68985
           0.46        25.8035        25.6484        25.3875        35.5562       0.689854
           0.47        25.8035        25.6484        25.3875        35.5562       0.689857
           0.48        25.8035        25.6484        25.3875        35.5562       0.689861
           0.49        25.8035        25.6484        25.3875        35.5562       0.689865
            0.5        25.8035        25.6484        25.3875        35.5562       0.689865
            0.5        25.8035        25.6484        25.3875        35.5562       0.689865
           0.51        25.8035        25.6484        25.3875        35.5562       0.689857
           0.52        25.9453          25.79        25.5295        35.6176       0.685802
           0.53         26.283        26.1274        25.8671        35.7633       0.675499
           0.54        26.7371        26.5804        26.3107        35.9583       0.659531
           0.55        27.3158        27.1569         26.867        36.2099       0.638664
           0.56        28.0144        27.8518        27.5285        36.5184       0.612305
           0.57        28.8256        28.6573        28.2856        36.8841       0.580536
           0.58        29.7412        29.5649        29.1286        37.3074       0.543499
           0.59        30.7518         30.565        30.0471        37.7886       0.501442
            0.6        31.8471        31.6467        31.0304        38.3277       0.454422
           0.61        33.0161         32.799        32.0682         38.925       0.402775
           0.62        34.2473        34.0101          33.15        39.5804       0.346767
           0.63         35.529        35.2682        34.2662         40.294       0.286877
           0.64         36.849        36.5611        35.4071        41.0653       0.223347
           0.65        38.1957        37.8772        36.5643        41.8942       0.156803
           0.66        39.5572        39.2049        37.7296        42.7797      0.0874786
           0.67        40.9225        40.5333         38.896        43.7211      0.0159302
           0.68        42.2808        41.8521        40.0571        44.7172     -0.0576019
           0.69        43.6228        43.1523        41.2077        45.7667      -0.132484
            0.7        44.9394        44.4254        42.3433        46.8679      -0.208633
            0.7        44.9394        44.4254        42.3433        46.8679      -0.208633
           0.71        46.2232        45.6646        43.4604         48.019      -0.285645
           0.72        47.1897        46.5813        44.2685        49.1352      -0.337646
           0.73        47.7193        47.0557        44.6504        50.1786      -0.354362
           0.74        47.9865        47.2671        44.7883        51.1943      -0.350834
           0.75        47.9736         47.199        44.6654        52.1666      -0.324791
           0.76        47.6923        46.8648        44.2962        53.0901      -0.276432
           0.77        47.1613         46.285        43.7005        53.9588      -0.207024
           0.78        46.4018        45.4823        42.9004        54.7669      -0.117573
           0.79        45.4371        44.4815        41.9197        55.5089    -0.00956345
            0.8        44.2928         43.309        40.7835        56.1793        0.11552
           0.81        42.9953        41.9924        39.5177        56.7732       0.255985
           0.82        41.5719        40.5595        38.1482        57.2859       0.410004
           0.83          40.05         39.038         36.701        57.7134       0.575638
       0.839999         38.457        37.4552        35.2012        58.0521       0.751053
       0.849999        36.8189        35.8372         33.673        58.2989       0.934044
       0.859999        35.1612        34.2087         32.139        58.4514        1.12264
       0.869999        33.5074        32.5926        30.6201        58.5075        1.31458
       0.879999        31.8795        31.0099        29.1358        58.4659        1.50788
       0.889999        30.2972        29.4794        27.7029        58.3257        1.70024
       0.899999        28.7767        28.0167        26.3364        58.0865        1.88949
       0.909999        27.3313        26.6339        25.0495        57.7483        2.07353
       0.919999        25.9713        25.3403         23.853        57.3119        2.25018
       0.929999        24.7048        24.1427        22.7562        56.7782        2.41755
       0.939999         23.537        23.0451        21.7631        56.1485        2.57351
       0.949999        22.4712        22.0498         20.876        55.4247        2.71621
       0.959999        21.5085        21.1568        20.0944        54.6088        2.84385
       0.969999        20.6483        20.3644        19.4163        53.7033        2.95472
       0.979999        19.8885        19.6694        18.8377        52.7114        3.04737
       0.989999        19.2253        19.0674         18.353        51.6362        3.12028
       0.999999        18.6539        18.5528        17.9555        50.4813        3.17216
           1.01        18.1689        18.1194        17.6377        49.2508        3.20198
           1.02        17.7638        17.7602        17.3912        47.9494        3.20882
           1.03        17.4316        17.4679        17.2072        46.5815        3.19189
           1.04        17.1649        17.2346        17.0765        45.1524        3.15054
           1.05        16.9561        17.0527        16.9902        43.6675        3.08458
           1.06        16.7972         16.914        16.9388        42.1324        2.99366
           1.07        16.6805        16.8107        16.9136        40.5532        2.87795
           1.08         16.598        16.7353         16.906        38.9361        2.73761
           1.09         16.542        16.6801        16.9078        37.2875        2.57301
            1.1        16.5053        16.6382        16.9117        35.6139        2.38472
           1.11        16.4806         16.603        16.9109        33.9222         2.1735
           1.12        16.4615        16.5682        16.8993        32.2192        1.94032
           1.13        16.4417        16.5284        16.8718        30.5117        1.68617
           1.14        16.4155        16.4785        16.8239        28.8065        1.41221
           1.15        16.3781        16.4143        16.7523        27.1107        1.11991
           1.16        16.3251        16.3321        16.6545        25.4307       0.810574
           1.17         16.253        16.2292         16.529        23.7734       0.485764
           1.18        16.1588        16.1034        16.3752        22.1451       0.147099
           1.19        16.0407        15.9536        16.1934        20.5523      -0.203655
            1.2        15.8976        15.7793        15.9849         19.001      -0.564762
           1.21        15.7291        15.5811        15.7518         17.497      -0.934345
           1.22        15.5357        15.3598        15.4969         16.046        -1.3106
           1.23        15.3188        15.1176        15.2237        14.6531        -1.6916
           1.24        15.0805         14.857        14.9364        13.3235       -2.07539
           1.25        14.8235        14.5812        14.6395        12.0617       -2.46009
           1.26        14.5515        14.2943        14.3381        10.8722       -2.84371
           1.27        14.2685        14.0004        14.0373        9.75886       -3.22437
           1.28         13.979        13.7043        13.7427        8.72527       -3.60022
           1.29         13.688        13.4111        13.4597        7.77483       -3.96931
            1.3         13.401         13.126        13.1938         6.9105       -4.32985
           1.31        13.1232        12.8545        12.9503        6.13477       -4.68016
           1.32        12.8605        12.6019        12.7342        5.45006       -5.01834
           1.33        12.6183        12.3735        12.5503        4.85812       -5.34295
           1.34        12.4022        12.1745        12.4029        4.36066       -5.65226
           1.35        12.2173        12.0096         12.296        3.95881       -5.94489
           1.36        12.0687        11.8835         12.233        3.65352       -6.21941
           1.37         11.961        11.8001        12.2168        3.44542       -6.47444
           1.38        11.8982         11.763        12.2496        3.33469       -6.70887
           1.39        11.8841        11.7754        12.3333        3.32139       -6.92145
            1.4        11.9213        11.8396        12.4689        3.40501       -7.11131
           1.41        12.0126        11.9575         12.657        3.58497       -7.27743
           1.42        12.1595        12.1303        12.8977        3.86035       -7.41897
           1.43        12.3631        12.3585        13.1903        4.22971       -7.53535
           1.44        12.6238         12.642        13.5337        4.69149       -7.62601
           1.45        12.9412        12.9803        13.9263         5.2439       -7.69037
           1.46        13.3145        13.3718        14.3659        5.88467       -7.72819
           1.47        13.7418        13.8147          14.85        6.61133       -7.73923
           1.48        14.2213        14.3066        15.3759        7.42128       -7.72325
           1.49        14.7497        14.8443        15.9398        8.31117        -7.6806
            1.5        15.3241        15.4247        16.5387        9.27804       -7.61104
           1.51        15.9406        16.0437        17.1684        10.3182       -7.51502
           1.52        16.5948        16.6971        17.8249        11.4277       -7.39292
           1.53        17.2824        17.3805        18.5041        12.6026       -7.24524
           1.54        17.9984        18.0892        19.2016        13.8386       -7.07247
           1.55         18.738        18.8183        19.9132        15.1313       -6.87533
           1.56        19.4955        19.5626        20.6342        16.4758       -6.65482
           1.57        20.2661        20.3174        21.3606        17.8673       -6.41166
           1.58        21.0441        21.0774        22.0879        19.3006         -6.147
           1.59        21.8244        21.8377        22.8121        20.7706       -5.86196
            1.6        22.6016        22.5933        23.5289        22.2718       -5.55786
           1.61        23.3708        23.3398        24.2346        23.7988       -5.23584
           1.62        24.1272        24.0725        24.9257        25.3461       -4.89736
           1.63        24.8659        24.7872        25.5984        26.9078       -4.54405
           1.64        25.5829        25.4801        26.2498        28.4784       -4.17725
           1.65        26.2741        26.1475         26.877        30.0522       -3.79863
           1.66        26.9359        26.7861        27.4771        31.6233        -3.4099
           1.67         27.565        27.3931        28.0479         33.186       -3.01271
           1.68        28.1586        27.9659        28.5872        34.7348       -2.60887
           1.69        28.7142        28.5022        29.0932        36.2638        -2.2002
            1.7        29.2299        29.0004        29.5644        37.7678       -1.78838
           1.71        29.7041         29.459        29.9997        39.2413       -1.37526
           1.72        30.1354         29.877        30.3978        40.6789        -0.9627
           1.73        30.5234        30.2539        30.7584        42.0757      -0.552372
           1.74        30.8674        30.5892        31.0807        43.4266      -0.146175
           1.75        31.1674        30.8829        31.3647         44.727       0.254177
           1.76        31.4238        31.1354        31.6103        45.9723       0.646988
           1.77        31.6373        31.3473        31.8178        47.1583        1.03063
           1.78        31.8088        31.5194        31.9877        48.2809        1.40347
           1.79        31.9394        31.6529        32.1205        49.3365        1.76399
            1.8        32.0306        31.7488        32.2171        50.3214        2.11068
           1.81         32.084        31.8088        32.2784        51.2326        2.44225
           1.82        32.1016        31.8345        32.3054        52.0671        2.75739
           1.83         32.085        31.8275        32.2994        52.8225        3.05489
           1.84        32.0364        31.7896        32.2617        53.4964        3.33366
           1.85         31.958        31.7227        32.1936        54.0869        3.59274
           1.86        31.8517        31.6286        32.0965        54.5925        3.83124
           1.87        31.7199        31.5095        31.9722         55.012         4.0485
           1.88        31.5646         31.367        31.8219        55.3444         4.2438
           1.89        31.3881        31.2032        31.6474        55.5892        4.41669
            1.9        31.1923        31.0198        31.4503        55.7463        4.56678
           1.91        30.9792        30.8187        31.2321        55.8157         4.6937
           1.92        30.7507        30.6015        30.9945        55.7979         4.7974
           1.93        30.5087        30.3699        30.7389        55.6939        4.87783
           1.94        30.2549        30.1256        30.4672        55.5048        4.93513
           1.95        29.9908          29.87        30.1806        55.2321        4.96943
           1.96        29.7178        29.6042        29.8806        54.8777        4.98096
           1.97        29.4374        29.3299        29.5689        54.4438        4.97034
           1.98        29.1507         29.048        29.2467        53.9328         4.9379
           1.99        28.8589        28.7597        28.9153        53.3476        4.88432
              2        28.5627        28.4658         28.576        52.6912        4.81023
           2.01        28.2633        28.1674        28.2299         51.967        4.71643
           2.02        27.9612        27.8652        27.8784        51.1788        4.60384
           2.03        27.6571        27.5599        27.5223        50.3302        4.47319
           2.04        27.3518        27.2524        27.1628        49.4256        4.32568
           2.05        27.0454        26.9429        26.8006        48.4691        4.16213
           2.06        26.7386        26.6323        26.4368        47.4653        3.98375
           2.07        26.4316        26.3208         26.072        46.4189        3.79153
           2.08        26.1248         26.009        25.7071        45.3346        3.58666
           2.09        25.8185        25.6972        25.3427        44.2174         3.3703
            2.1        25.5129         25.386        24.9795        43.0723        3.14367
           2.11        25.2082        25.0755        24.6181        41.9044        2.90796
           2.12        24.9047        24.7662        24.2589        40.7186        2.66429
           2.13        24.6026        24.4585        23.9026        39.5203        2.41393
           2.14        24.3021        24.1525        23.5496        38.3142        2.15802
           2.15        24.0035        23.8489        23.2003        37.1056        1.89783
           2.16        23.7071        23.5478        22.8551        35.8994        1.63448
           2.17        23.4131        23.2496        22.5145        34.7002        1.36906
           2.18        23.1219        22.9548        22.1789         33.513         1.1028
           2.19        22.8339        22.6638        21.8486        32.3422         0.8368
            2.2        22.5495         22.377        21.5239        31.1921       0.572052
           2.21         22.269        22.0947        21.2053         30.067       0.309601
           2.22        21.9929        21.8176        20.8931         28.971      0.0504761
           2.23        21.7217         21.546        20.5877        27.9077      -0.204323
           2.24        21.4558        21.2804        20.2894        26.8807      -0.454002
           2.25        21.1959        21.0214        19.9986        25.8934      -0.697552
           2.26        20.9425        20.7694        19.7157        24.9488      -0.934204
           2.27        20.6961        20.5249        19.4411        24.0497       -1.16319
           2.28        20.4573        20.2886        19.1752        23.1987       -1.38368
           2.29        20.2267        20.0608        18.9183        22.3981        -1.5951
            2.3        20.0048        19.8422        18.6709        21.6499       -1.79676
           2.31        19.7923        19.6331        18.4334         20.956       -1.98801
           2.32        19.5897        19.4342        18.2062        20.3177       -2.16838
           2.33        19.3975        19.2459        17.9897        19.7364       -2.33741
           2.34        19.2164        19.0687        17.7843        19.2132        -2.4945
           2.35        19.0468         18.903        17.5905        18.7487        -2.6393
           2.36        18.8892        18.7493        17.4085        18.3435       -2.77156
           2.37        18.7441         18.608        17.2389        17.9978       -2.89089
           2.38         18.612        18.4795         17.082        17.7118       -2.99702
           2.39        18.4932        18.3641        16.9382        17.4852        -3.0898
            2.4        18.3881        18.2623        16.8079        17.3177       -3.16895
           2.41        18.2971        18.1741        16.6913        17.2086       -3.23445
           2.42        18.2203           18.1        16.5888         17.157       -3.28629
           2.43        18.1582        18.0401        16.5006        17.1621       -3.32427
           2.44         18.111        17.9948        16.4272        17.2226       -3.34843
           2.45        18.0785         17.964        16.3685        17.3372       -3.35893
           2.46        18.0612         17.948        16.3248        17.5042        -3.3558
           2.47         18.059        17.9467        16.2963        17.7222       -3.33913
           2.48         18.072        17.9603        16.2831        17.9891       -3.30914
           2.49           18.1        17.9887        16.2851        18.3029       -3.26607
            2.5        18.1432        18.0318        16.3026        18.6617       -3.21009
           2.51        18.2012        18.0897        16.3353        19.0632       -3.14149
           2.52        18.2741        18.1621        16.3833         19.505       -3.06062
           2.53        18.3615        18.2489        16.4463        19.9848       -2.96779
           2.54        18.4632        18.3497        16.5242           20.5       -2.86344
           2.55         18.579        18.4645        16.6169        21.0481       -2.74784
           2.56        18.7084        18.5929        16.7239        21.6264       -2.62154
           2.57        18.8512        18.7344         16.845        22.2322       -2.48499
           2.58        19.0068        18.8888        16.9799        22.8629       -2.33861
           2.59        19.1749        19.0556        17.1279        23.5156       -2.18297
            2.6        19.3549        19.2343        17.2888        24.1877       -2.01857
           2.61        19.5463        19.4245        17.4619        24.8763       -1.84598
           2.62        19.7485        19.6254        17.6467        25.5786       -1.66583
           2.63        19.9609        19.8366        17.8426        26.2919       -1.47865
           2.64        20.1829        20.0575        18.0489        27.0135       -1.28503
           2.65        20.4139        20.2874         18.265        27.7408       -1.08558
           2.66        20.6531        20.5256        18.4901         28.471      -0.881012
           2.67        20.8998        20.7713        18.7235        29.2015      -0.671944
           2.68        21.1532        21.0239        18.9644        29.9299      -0.459072
           2.69        21.4126        21.2825        19.2119        30.6537      -0.242989
            2.7        21.6772        21.5465        19.4653        31.3705      -0.024437
           2.71        21.9463        21.8149        19.7238         32.078       0.195972
           2.72        22.2189         22.087        19.9864        32.7741       0.417492
           2.73        22.4943        22.3619        20.2523        33.4567       0.639462
           2.74        22.7716        22.6386        20.5205        34.1236       0.861141
           2.75        23.0499        22.9165        20.7902        34.7731         1.0819
           2.76        23.3285        23.1947        21.0606        35.4035        1.30108
           2.77        23.6064        23.4722        21.3307         36.013        1.51796
           2.78        23.8827        23.7482        21.5996        36.6001        1.73185
           2.79        24.1568        24.0219        21.8664        37.1634        1.94216
            2.8        24.4277        24.2924        22.1304        37.7018         2.1482
           2.81        24.6945        24.5588        22.3906        38.2139        2.34936
           2.82        24.9565        24.8204        22.6462        38.6987        2.54491
           2.83        25.2129        25.0763        22.8964        39.1554        2.73438
           2.84        25.4627        25.3257        23.1403        39.5832        2.91708
           2.85        25.7055         25.568        23.3773        39.9815        3.09258
           2.86        25.9403        25.8022        23.6066        40.3496        3.26019
           2.87        26.1666        26.0279        23.8274        40.6874        3.41948
           2.88        26.3834        26.2441        24.0391        40.9943        3.56987
           2.89        26.5903        26.4504         24.241        41.2703        3.71093
            2.9        26.7866        26.6461        24.4326        41.5153        3.84225
           2.91        26.9717        26.8306        24.6132        41.7294         3.9634
           2.92        27.1451        27.0033        24.7822        41.9127        4.07389
           2.93        27.3062        27.1638        24.9392        42.0655        4.17353
           2.94        27.4547        27.3117        25.0837        42.1882        4.26192
           2.95          27.59        27.4464        25.2152        42.2811        4.33875
           2.96        27.7117        27.5676        25.3334        42.3447        4.40379
           2.97        27.8197        27.6751         25.438        42.3799        4.45692
           2.98        27.9134        27.7684        25.5286        42.3871         4.4978
           2.99        27.9928        27.8474         25.605        42.3671        4.52644
              3        28.0576        27.9119        25.6669        42.3208        4.54272
           3.01        28.1075        27.9617        25.7143        42.2491        4.54652
           3.02        28.1427        27.9967        25.7469        42.1527         4.5379
           3.03        28.1628        28.0169        25.7647        42.0327        4.51679
           3.04        28.1681        28.0222        25.7677        41.8902         4.4834
           3.05        28.1584        28.0128        25.7559        41.7261        4.43773
           3.06        28.1339        27.9885        25.7292        41.5414        4.37994
           3.07        28.0948        27.9498         25.688        41.3374        4.31032
           3.08         28.041        27.8966        25.6322         41.115        4.22894
           3.09         27.973        27.8292        25.5622        40.8754        4.13618
            3.1        27.8909        27.7478         25.478        40.6197        4.03232
           3.11        27.7951        27.6529        25.3801        40.3492        3.91772
           3.12        27.6859        27.5446        25.2687        40.0647        3.79272
           3.13        27.5636        27.4234        25.1441        39.7675        3.65772
           3.14         27.429        27.2898         25.007        39.4589        3.51332
           3.15        27.2821        27.1442        24.8576        39.1397        3.35982
           3.16        27.1237         26.987        24.6964        38.8111        3.19781
           3.17        26.9543         26.819         24.524        38.4741        3.02786
           3.18        26.7744        26.6405         24.341        38.1299        2.85048
           3.19        26.5847        26.4523        24.1479        37.7794        2.66626
            3.2        26.3858        26.2549        23.9453        37.4237        2.47589
           3.21        26.1784         26.049         23.734        37.0638        2.27994
           3.22        25.9632        25.8353        23.5146        36.7005        2.07907
           3.23        25.7408        25.6146        23.2879        36.3349        1.87397
           3.24        25.5121        25.3875        23.0545        35.9678        1.66531
           3.25        25.2778        25.1548        22.8152        35.6001        1.45378
           3.26        25.0387        24.9173        22.5708        35.2326        1.24005
           3.27        24.7955        24.6756        22.3221        34.8661        1.02479
           3.28        24.5491        24.4308        22.0699        34.5015       0.808811
           3.29        24.3001        24.1834        21.8149        34.1394       0.592709
            3.3        24.0496        23.9344        21.5581        33.7806       0.377216
           3.31        23.7982        23.6844        21.3001        33.4258       0.163006
           3.32        23.5468        23.4345         21.042        33.0757      -0.049099
           3.33        23.2961        23.1852        20.7844        32.7308      -0.258678
           3.34        23.0471        22.9375        20.5282        32.3919       -0.46487
           3.35        22.8003         22.692        20.2741        32.0593      -0.667152
           3.36        22.5566        22.4495        20.0229        31.7338      -0.864841
           3.37        22.3168        22.2109        19.7756        31.4159       -1.05732
           3.38        22.0816        21.9767        19.5326         31.106       -1.24409
           3.39        21.8516        21.7477        19.2949        30.8046       -1.42456
            3.4        21.6276        21.5246        19.0631        30.5122       -1.59815
           3.41        21.4102        21.3081        18.8378        30.2293       -1.76438
           3.42           21.2        21.0987        18.6198        29.9562       -1.92288
           3.43        20.9976         20.897        18.4095        29.6932       -2.07313
           3.44        20.8036        20.7036        18.2077        29.4409       -2.21473
           3.45        20.6185         20.519        18.0149        29.1995        -2.3473
           3.46        20.4428        20.3437        17.8315        28.9693       -2.47054
           3.47        20.2768        20.1781         17.658        28.7507       -2.58414
           3.48        20.1211        20.0226        17.4949         28.544       -2.68782
           3.49        19.9758        19.8776        17.3425        28.3493        -2.7814
            3.5        19.8415        19.7434        17.2012         28.167       -2.86462
           3.51        19.7183        19.6202        17.0712        27.9972       -2.93743
           3.52        19.6065        19.5083        16.9529        27.8403       -2.99965
           3.53        19.5062        19.4079        16.8464        27.6963       -3.05122
           3.54        19.4176        19.3191        16.7519        27.5653       -3.09213
           3.55        19.3409         19.242        16.6695        27.4477       -3.12237
           3.56        19.2759        19.1767        16.5993        27.3434       -3.14199
           3.57        19.2228        19.1232        16.5413        27.2526       -3.15105
           3.58        19.1816        19.0814        16.4955        27.1754       -3.14971
           3.59        19.1521        19.0513        16.4618        27.1117       -3.13813
            3.6        19.1343        19.0329        16.4403        27.0617       -3.11637
           3.61        19.1281         19.026        16.4308        27.0254       -3.08479
           3.62        19.1331        19.0303        16.4329        27.0026       -3.04364
           3.63        19.1494        19.0457        16.4467        26.9935        -2.9931
           3.64        19.1765         19.072         16.472         26.998       -2.93352
           3.65        19.2142        19.1088        16.5082        27.0158       -2.86537
           3.66        19.2623         19.156        16.5552         27.047       -2.78884
           3.67        19.3204        19.2131        16.6128        27.0914       -2.70439
           3.68        19.3881        19.2799        16.6805        27.1488       -2.61242
           3.69        19.4651        19.3559        16.7579        27.2191       -2.51342
            3.7        19.5509        19.4407        16.8447        27.3021       -2.40776
           3.71        19.6452         19.534        16.9404        27.3974       -2.29598
           3.72        19.7476        19.6354        17.0447        27.5049        -2.1785
           3.73        19.8575        19.7443         17.157        27.6242       -2.05589
           3.74        19.9746        19.8603        17.2769         27.755       -1.92863
           3.75        20.0983         19.983        17.4039         27.897       -1.79725
           3.76        20.2282         20.112        17.5376        28.0498       -1.66217
           3.77        20.3637        20.2466        17.6773        28.2131       -1.52406
           3.78        20.5045        20.3864        17.8226        28.3863        -1.3834
           3.79        20.6499        20.5309        17.9731        28.5691       -1.24064
            3.8        20.7995        20.6797        18.1281         28.761       -1.09642
           3.81        20.9529        20.8321        18.2872        28.9615      -0.951206
           3.82        21.1094        20.9879        18.4498        29.1701      -0.805489
           3.83        21.2685        21.1462        18.6153        29.3862      -0.659878
           3.84        21.4298        21.3068        18.7833        29.6094      -0.514744
           3.85        21.5927         21.469        18.9532        29.8389      -0.370735
           3.86        21.7568        21.6325        19.1245        30.0742      -0.228188
           3.87        21.9217        21.7967        19.2967        30.3149     -0.0875435
           3.88        22.0866         21.961        19.4693          30.56      0.0506516
           3.89        22.2513        22.1252        19.6418        30.8092       0.186054
            3.9        22.4152        22.2885        19.8137        31.0616       0.318195
           3.91        22.5778        22.4507        19.9844        31.3167       0.446739
           3.92        22.7388        22.6112        20.1536        31.5738       0.571308
           3.93        22.8976        22.7697        20.3207        31.8322       0.691601
           3.94        23.0539        22.9256        20.4852        32.0911       0.807251
           3.95        23.2072        23.0786        20.6469          32.35       0.918022
           3.96        23.3571        23.2281        20.8052        32.6081        1.02359
           3.97        23.5031        23.3739        20.9595        32.8647        1.12369
           3.98        23.6451        23.5157        21.1099        33.1193        1.21831
           3.99        23.7825        23.6528        21.2556        33.3709        1.30703
              4        23.9151        23.7852        21.3964         33.619        1.38982
           4.01        24.0425        23.9124        21.5319        33.8629        1.46649
           4.02        24.1644        24.0341        21.6618        34.1019        1.53699
           4.03        24.2805          24.15        21.7859        34.3354        1.60119
           4.04        24.3905        24.2598        21.9036        34.5627          1.659
           4.05        24.4942        24.3635        22.0151        34.7833        1.71056
           4.06        24.5914        24.4606        22.1198        34.9965        1.75571
           4.07        24.6819        24.5509        22.2177        35.2017        1.79451
           4.08        24.7654        24.6343        22.3084        35.3983        1.82701
           4.09        24.8418        24.7107         22.392        35.5859        1.85331
            4.1        24.9111        24.7798        22.4681        35.7639        1.87347
           4.11         24.973        24.8417        22.5368        35.9318        1.88766
           4.12        25.0275        24.8961        22.5978        36.0892         1.8959
           4.13        25.0745        24.9431        22.6513        36.2356        1.89844
           4.14        25.1141        24.9827        22.6971        36.3708        1.89547
           4.15        25.1461        25.0147        22.7351        36.4942        1.88708
           4.16        25.1706        25.0392        22.7655        36.6055        1.87354
           4.17        25.1876        25.0563        22.7883        36.7046        1.85509
           4.18        25.1973         25.066        22.8035        36.7911        1.83189
           4.19        25.1997        25.0685        22.8113        36.8649         1.8043
            4.2        25.1949        25.0638        22.8117        36.9257        1.77247
           4.21        25.1831        25.0521        22.8049        36.9735        1.73666
           4.22        25.1644        25.0335        22.7911        37.0081        1.69722
           4.23         25.139        25.0083        22.7705        37.0296         1.6544
           4.24        25.1072        24.9766        22.7432        37.0378        1.60846
           4.25        25.0691        24.9388        22.7096         37.033        1.55977
           4.26        25.0251         24.895        22.6698        37.0151         1.5085
           4.27        24.9753        24.8455        22.6242        36.9843        1.45504
           4.28        24.9202        24.7906         22.573        36.9408        1.39967
           4.29        24.8599        24.7306        22.5166        36.8847        1.34266
            4.3        24.7948        24.6658        22.4552        36.8163        1.28426
           4.31        24.7253        24.5966        22.3892         36.736        1.22493
           4.32        24.6517        24.5233         22.319        36.6441        1.16482
           4.33        24.5743        24.4463        22.2449         36.541        1.10424
           4.34        24.4936        24.3659        22.1673        36.4269        1.04345
           4.35        24.4099        24.2826        22.0866        36.3026        0.98283
           4.36        24.3235        24.1966         22.003        36.1683       0.922409
        4.37001        24.2349        24.1084        21.9172        36.0247       0.862701
        4.38001        24.1444        24.0183        21.8294        35.8723       0.803829
        4.39001        24.0525        23.9268        21.7399        35.7116       0.746014
        4.40001        23.9596        23.8342        21.6493        35.5434       0.689579
        4.41001        23.8659        23.7409        21.5579        35.3682       0.634613
        4.42001        23.7719        23.6472         21.466        35.1866       0.581379
        4.43001         23.678        23.5536         21.374        34.9995        0.53006
        4.44001        23.5845        23.4605        21.2824        34.8075       0.480907
        4.45001        23.4918         23.368        21.1915        34.6111       0.433922
        4.46001        23.4002        23.2767        21.1016        34.4114       0.389404
        4.47001        23.3102        23.1869         21.013        34.2089       0.347443
        4.48001        23.2218        23.0988        20.9262        34.0045       0.308155
        4.49001        23.1357        23.0128        20.8414        33.7988       0.271664
        4.50001        23.0519        22.9291         20.759        33.5926       0.238091
        4.51001        22.9708        22.8481        20.6791        33.3867       0.207455
        4.52001        22.8927        22.7701        20.6022        33.1819       0.179935
        4.53001        22.8177        22.6951        20.5284        32.9788       0.155392
        4.54001        22.7462        22.6236         20.458        32.7782       0.134056
        4.55001        22.6784        22.5558        20.3913        32.5809       0.115917
        4.56001        22.6143        22.4916        20.3283        32.3874       0.100876
        4.57001        22.5543        22.4315        20.2694        32.1986       0.089077
        4.58001        22.4985        22.3755        20.2146        32.0151      0.0804443
        4.59001         22.447        22.3238        20.1642        31.8376      0.0749664
        4.60001        22.3999        22.2764        20.1182        31.6666      0.0725403
        4.61001        22.3574        22.2337        20.0769        31.5028      0.0732422
        4.62001        22.3195        22.1954        20.0402        31.3467      0.0769196
        4.63001        22.2863        22.1619        20.0083        31.1988      0.0835533
        4.64001        22.2577         22.133        19.9811        31.0597      0.0929642
        4.65001         22.234        22.1089        19.9588        30.9298       0.105194
        4.66001         22.215        22.0894        19.9414        30.8095       0.120018
        4.67001        22.2008        22.0747        19.9288        30.6993       0.137386
        4.68001        22.1914        22.0648        19.9211        30.5995       0.157227
        4.69001        22.1866        22.0596        19.9182        30.5103       0.179321
        4.70001        22.1864        22.0589          19.92         30.432       0.203529
        4.71001        22.1909        22.0628        19.9267         30.365       0.229855
        4.72001        22.1998        22.0712        19.9378        30.3093       0.257969
        4.73001        22.2131        22.0839        19.9536         30.265       0.287804
        4.74001        22.2308         22.101        19.9738        30.2324       0.319271
        4.75001        22.2525        22.1221        19.9983        30.2113       0.352043
        4.76001        22.2782        22.1473        20.0269        30.2019       0.386086
        4.77001        22.3079        22.1764        20.0597        30.2041       0.421249
        4.78001        22.3412        22.2092        20.0962        30.2177       0.457253
        4.79001        22.3781        22.2455        20.1366        30.2427       0.494041
        4.80001        22.4183        22.2852        20.1804        30.2789       0.531372
        4.81002        22.4617         22.328        20.2275         30.326       0.569042
        4.82002        22.5081        22.3739        20.2778        30.3839       0.607021
        4.83002        22.5573        22.4225        20.3311        30.4523        0.64502
        4.84002        22.6091        22.4738        20.3871        30.5307       0.682919
        4.85002        22.6632        22.5274        20.4456        30.6189       0.720531
        4.86002        22.7196        22.5832        20.5064        30.7164       0.757767
        4.87002        22.7778        22.6409        20.5693        30.8228       0.794334
        4.88002        22.8377        22.7003         20.634        30.9377       0.830238
        4.89002        22.8992        22.7613        20.7003        31.0605       0.865234
        4.90002        22.9618        22.8234         20.768        31.1908        0.89917
        4.91002        23.0256        22.8867        20.8369         31.328       0.932064
        4.92002          23.09        22.9507        20.9066        31.4714       0.963573
        4.93002         23.155        23.0153        20.9769        31.6206       0.993683
        4.94002        23.2204        23.0803        21.0477         31.775        1.02233
        4.95002        23.2859        23.1453        21.1186        31.9339        1.04931
        4.96002        23.3512        23.2102        21.1895        32.0966        1.07451
        4.97002        23.4161        23.2748          21.26        32.2626        1.09794
        4.98002        23.4805        23.3387          21.33        32.4311        1.11943
        4.99002         23.544        23.4019        21.3993        32.6016        1.13897
        5.00002        23.6065         23.464        21.4674        32.7733        1.15637
        5.01002        23.6678        23.5249        21.5345        32.9457        1.17175
        5.02002        23.7276        23.5844           21.6        33.1179        1.18491
        5.03002        23.7857        23.6422         21.664        33.2895        1.19591
        5.04002         23.842        23.6981         21.726        33.4597         1.2046
        5.05002        23.8962         23.752         21.786        33.6279        1.21105
        5.06002        23.9482        23.8037        21.8438        33.7935        1.21524
        5.07002        23.9978        23.8531        21.8991        33.9559        1.21716
        5.08002        24.0449        23.8998        21.9519        34.1144        1.21679
        5.09002        24.0892        23.9439        22.0019        34.2686        1.21416
        5.10002        24.1306         23.985         22.049        34.4177        1.20921
        5.11002         24.169        24.0232         22.093        34.5614        1.20208
        5.12002        24.2043        24.0582        22.1339         34.699        1.19272
        5.13002        24.2363          24.09        22.1714        34.8302        1.18124
        5.14002         24.265        24.1184        22.2056        34.9544        1.16764
        5.15002        24.2903        24.1435        22.2362        35.0712        1.15204
        5.16002        24.3119        24.1649        22.2632        35.1802        1.13437
        5.17002          24.33        24.1828        22.2866        35.2812        1.11486
        5.18002        24.3443         24.197        22.3063        35.3737        1.09348
        5.19002         24.355        24.2075        22.3221        35.4574        1.07035
        5.20002        24.3619        24.2143        22.3342         35.532        1.04554
        5.21002        24.3651        24.2173        22.3424        35.5974        1.01915
        5.22002        24.3644        24.2165        22.3467        35.6533       0.991222
        5.23002          24.36        24.2121        22.3472        35.6997       0.961987
        5.24003        24.3518        24.2038        22.3438        35.7363       0.931366
        5.25003          24.34        24.1918        22.3367        35.7631        0.89967
        5.26003        24.3243        24.1761        22.3258          35.78        0.86681
        5.27003        24.3051        24.1569        22.3113        35.7872        0.83308
        5.28003        24.2823        24.1341         22.293        35.7845       0.798439
        5.29003         24.256        24.1078        22.2712        35.7719       0.763004
        5.30003        24.2263        24.0781        22.2459        35.7498       0.727028
        5.31003        24.1933        24.0451        22.2172         35.718       0.690506
        5.32003        24.1571         24.009        22.1853         35.677       0.653564
        5.33003        24.1178        23.9697        22.1502        35.6267       0.616333
        5.34003        24.0757        23.9277        22.1122        35.5676       0.579002
        5.35003        24.0307        23.8827        22.0712        35.4997       0.541542
        5.36003        23.9831        23.8352        22.0276        35.4235       0.504135
        5.37003         23.933        23.7852        21.9814        35.3393       0.466896
        5.38003        23.8805        23.7328        21.9327        35.2474       0.429878
        5.39003        23.8259        23.6783        21.8819        35.1481       0.393257
        5.40003        23.7694        23.6219         21.829        35.0419       0.357082
        5.41003        23.7111        23.5637        21.7743        34.9293       0.321487
        5.42003        23.6511        23.5039        21.7178        34.8105       0.286472
        5.43003        23.5898        23.4427        21.6599        34.6862        0.25227
        5.44003        23.5272        23.3803        21.6007        34.5567       0.218868
        5.45003        23.4636        23.3168        21.5405        34.4226       0.186329
        5.46003        23.3993        23.2526        21.4793        34.2844       0.154808
        5.47003        23.3343        23.1878        21.4175        34.1425       0.124325
        5.48003        23.2689        23.1225        21.3553        33.9976      0.0949478
        5.49003        23.2033        23.0571        21.2927          33.85      0.0667343
        5.50003        23.1377        22.9916        21.2301        33.7004      0.0397224
        5.51003        23.0723        22.9264        21.1676        33.5494      0.0140648
        5.52003        23.0073        22.8615        21.1055        33.3973     -0.0103226
        5.53003        22.9429        22.7972        21.0439        33.2448     -0.0333214
        5.54003        22.8792        22.7336        20.9829        33.0923     -0.0550079
        5.55003        22.8165         22.671        20.9229        32.9404     -0.0752296
        5.56003         22.755        22.6095         20.864        32.7897     -0.0939598
        5.57003        22.6946        22.5493        20.8063        32.6406       -0.11129
        5.58003        22.6358        22.4905        20.7501        32.4936      -0.127148
        5.59003        22.5787        22.4334        20.6955        32.3492      -0.141449
        5.60003        22.5233         22.378        20.6426        32.2079      -0.154324
        5.61003        22.4698        22.3246        20.5916        32.0701      -0.165665
        5.62003        22.4184        22.2732        20.5427        31.9362      -0.175545
        5.63003        22.3692        22.2239        20.4958        31.8066      -0.184029
        5.64003        22.3223        22.1771        20.4514        31.6819      -0.190956
        5.65003        22.2778        22.1325        20.4093        31.5623      -0.196541
        5.66003        22.2358        22.0905        20.3698        31.4481      -0.200691
        5.67003        22.1965        22.0511        20.3329        31.3398      -0.203419
        5.68004        22.1599        22.0144        20.2987        31.2376      -0.204853
        5.69004         22.126        21.9803        20.2672        31.1417      -0.205013
        5.70004        22.0949        21.9492        20.2387        31.0525      -0.203835
        5.71004        22.0668        21.9209         20.213        30.9701      -0.201447
        5.72004        22.0415        21.8955        20.1903        30.8948      -0.197906
        5.73004        22.0193        21.8731        20.1705        30.8267      -0.193222
        5.74004             22        21.8536        20.1538         30.766      -0.187454
        5.75004        21.9836        21.8371        20.1402        30.7127      -0.180679
        5.76004        21.9703        21.8236        20.1296         30.667      -0.172905
        5.77004          21.96         21.813         20.122        30.6289      -0.164223
        5.78004        21.9527        21.8055        20.1175        30.5985       -0.15464
        5.79004        21.9484        21.8009         20.116        30.5758      -0.144268
        5.80004         21.947        21.7992        20.1175        30.5607      -0.133148
        5.81004        21.9484        21.8004         20.122        30.5531      -0.121376
        5.82004        21.9527        21.8045        20.1294        30.5531      -0.108925
        5.83004        21.9598        21.8113        20.1396        30.5604     -0.0959473
        5.84004        21.9697        21.8209        20.1527        30.5751     -0.0823822
        5.85004        21.9822        21.8331        20.1684        30.5969     -0.0684128
        5.86004        21.9972        21.8478        20.1869        30.6257     -0.0540581
        5.87004        22.0148        21.8651        20.2079        30.6612     -0.0393295
        5.88004        22.0348        21.8848        20.2314        30.7033      -0.024334
        5.89004        22.0571        21.9068        20.2573        30.7516     -0.0091095
        5.90004        22.0817        21.9311        20.2856        30.8061      0.0063858
        5.91004        22.1083        21.9573        20.3159        30.8663      0.0218773
        5.92004        22.1369        21.9856        20.3483         30.932      0.0374641
        5.93004        22.1674        22.0159        20.3828         31.003      0.0531578
        5.94004        22.1997        22.0479        20.4191        31.0788      0.0687637
        5.95004        22.2337        22.0816        20.4571        31.1592      0.0843658
        5.96004        22.2692        22.1168        20.4967        31.2437      0.0998573
        5.97004        22.3061        22.1534        20.5378        31.3321        0.11512
        5.98004        22.3443        22.1913        20.5802         31.424       0.130306
        5.99004        22.3836        22.2304        20.6239        31.5191       0.145233
        6.00004         22.424        22.2704        20.6686        31.6169       0.159916
        6.01004        22.4653        22.3114        20.7143        31.7172       0.174366
        6.02004        22.5073        22.3532        20.7607        31.8194       0.188484
        6.03004          22.55        22.3956        20.8079        31.9233       0.202312
        6.04004        22.5932        22.4385        20.8556        32.0285       0.215767
        6.05004        22.6367        22.4818        20.9037        32.1345        0.22884
        6.06004        22.6805        22.5254        20.9521         32.241       0.241573
        6.07004        22.7245        22.5691        21.0007        32.3478       0.253963
        6.08004        22.7684        22.6128        21.0492        32.4543       0.265869
        6.09004        22.8123        22.6564        21.0978        32.5603       0.277458
        6.10004        22.8557        22.6997        21.1459        32.6653        0.28849
        6.11004         22.899        22.7427        21.1938        32.7691       0.299202
        6.12005        22.9417        22.7852        21.2412        32.8713       0.309452
        6.13005        22.9839        22.8272        21.2881        32.9717       0.319328
        6.14005        23.0253        22.8685        21.3342        33.0698       0.328747
        6.15005         23.066         22.909        21.3795        33.1655       0.337769
        6.16005        23.1058        22.9486        21.4239        33.2584       0.346359
        6.17005        23.1446        22.9872        21.4674        33.3483       0.354538
        6.18005        23.1824        23.0248        21.5097         33.435       0.362373
        6.19005         23.219        23.0613        21.5509        33.5182        0.36982
        6.20005        23.2544        23.0965        21.5908        33.5976       0.376892
        6.21005        23.2884        23.1304        21.6294        33.6732       0.383595
        6.22005        23.3212        23.1631        21.6666        33.7447       0.389992
        6.23005        23.3525        23.1942        21.7023         33.812       0.396019
        6.24005        23.3823        23.2239        21.7365        33.8749       0.401756
        6.25005        23.4106        23.2521        21.7691        33.9334       0.407246
        6.26005        23.4373        23.2787        21.8001        33.9873       0.412376
        6.27005        23.4624        23.3038        21.8295        34.0365       0.417294
        6.28005        23.4859        23.3272        21.8571         34.081       0.421986
        6.29005        23.5078        23.3489        21.8831        34.1206       0.426437
        6.30005        23.5279         23.369        21.9073        34.1555       0.430687
        6.31005        23.5464        23.3874        21.9298        34.1856       0.434799
        6.32005        23.5631        23.4041        21.9504        34.2108       0.438625
        6.33005        23.5782        23.4191        21.9694        34.2313       0.442375
        6.34005        23.5916        23.4325        21.9866        34.2471       0.446014
        6.35005        23.6033        23.4441        22.0021        34.2582       0.449497
        6.36005        23.6133        23.4542        22.0158        34.2647       0.452888
        6.37005        23.6217        23.4625        22.0278        34.2667       0.456184
        6.38005        23.6285        23.4693        22.0381        34.2643       0.459404
        6.39005        23.6338        23.4745        22.0468        34.2576       0.462601
        6.40005        23.6374        23.4782        22.0539        34.2468       0.465729
        6.41005        23.6396        23.4804        22.0594         34.232       0.468853
        6.42005        23.6404        23.4812        22.0634        34.2134       0.471954
        6.43005        23.6397        23.4805        22.0659         34.191       0.475006
        6.44005        23.6377        23.4785        22.0669        34.1653       0.478069
        6.45005        23.6344        23.4752        22.0666        34.1362       0.481113
        6.46005        23.6299        23.4708        22.0651        34.1041       0.484249
        6.47005        23.6243        23.4651        22.0623         34.069       0.487343
        6.48005        23.6175        23.4584        22.0583        34.0313       0.490459
        6.49005        23.6097        23.4506        22.0532        33.9912       0.493641
        6.50005        23.6009        23.4419        22.0471        33.9488       0.496815
        6.51005        23.5913        23.4323        22.0401        33.9044       0.500053
        6.52005        23.5808        23.4218        22.0321        33.8583         0.5033
        6.53005        23.5697        23.4107        22.0233        33.8106       0.506622
        6.54005        23.5578        23.3988        22.0138        33.7616       0.509945
        6.55006        23.5453        23.3864        22.0036        33.7116        0.51326
        6.56006        23.5324        23.3734        21.9929        33.6607       0.516659
        6.57006         23.519        23.3601        21.9817        33.6092       0.520107
        6.58006        23.5053        23.3463          21.97        33.5573       0.523533
        6.59006        23.4912        23.3323         21.958        33.5053       0.526974
        6.60006        23.4769         23.318        21.9457        33.4533       0.530457
        6.61006        23.4625        23.3035        21.9331        33.4016       0.533916
        6.62006         23.448         23.289        21.9204        33.3503       0.537369
        6.63006        23.4334        23.2744        21.9077        33.2998       0.540791
        6.64006         23.419        23.2599         21.895        33.2501       0.544277
        6.65006        23.4045        23.2455        21.8822        33.2015       0.547642
        6.66006        23.3903        23.2312        21.8696        33.1541       0.551025
        6.67006        23.3763        23.2171        21.8572        33.1082       0.554344
        6.68006        23.3626        23.2034         21.845        33.0638       0.557632
        6.69006        23.3491        23.1899        21.8331        33.0211       0.560844
        6.70006        23.3361        23.1768        21.8216        32.9803        0.56403
        6.71006        23.3234         23.164        21.8104        32.9414       0.567059
        6.72006        23.3113        23.1518        21.7996        32.9047       0.570057
        6.73006        23.2995          23.14        21.7893        32.8701        0.57291
        6.74006        23.2883        23.1286        21.7794        32.8379       0.575642
        6.75006        23.2777        23.1179        21.7702         32.808       0.578327
        6.76006        23.2676        23.1077        21.7615        32.7806       0.580872
        6.77006        23.2581        23.0981        21.7533        32.7558       0.583282
        6.78006        23.2493        23.0892        21.7457        32.7334       0.585556
        6.79006         23.241        23.0808        21.7388        32.7137       0.587673
        6.80006        23.2334         23.073        21.7325        32.6966       0.589657
        6.81006        23.2265        23.0659        21.7268        32.6821       0.591465
        6.82006        23.2202        23.0595        21.7218        32.6703       0.593143
        6.83006        23.2145        23.0536        21.7174         32.661       0.594578
        6.84006        23.2094        23.0485        21.7137        32.6544       0.595875
        6.85006        23.2051         23.044        21.7107        32.6503       0.597031
        6.86006        23.2014        23.0401        21.7082        32.6488       0.597977
        6.87006        23.1983        23.0368        21.7065        32.6497       0.598763
        6.88006        23.1957        23.0341        21.7053        32.6531       0.599319
        6.89006        23.1938         23.032        21.7047        32.6587       0.599686
        6.90006        23.1925        23.0306        21.7048        32.6667       0.599941
        6.91006        23.1917        23.0296        21.7054        32.6768       0.599968
        6.92006        23.1915        23.0292        21.7065         32.689       0.599781
        6.93006        23.1917        23.0293        21.7082        32.7032       0.599426
        6.94006        23.1925        23.0299        21.7104        32.7193       0.598923
        6.95006        23.1937        23.0309         21.713        32.7371       0.598228
        6.96006        23.1953        23.0324        21.7161        32.7566       0.597301
        6.97006        23.1973        23.0342        21.7196        32.7775       0.596226
        6.98006        23.1996        23.0364        21.7235        32.7999       0.594994
        6.99007        23.2023        23.0389        21.7277        32.8234       0.593571
        7.00007        23.2053        23.0417        21.7322        32.8481       0.592026
        7.01007        23.2086        23.0448         21.737        32.8738       0.590332
        7.02007         23.212        23.0481         21.742        32.9003       0.588409
        7.03007        23.2156        23.0516        21.7473        32.9275       0.586395
        7.04007        23.2194        23.0552        21.7527        32.9553        0.58424
        7.05007        23.2233         23.059        21.7582        32.9834       0.581951
        7.06007        23.2272        23.0628        21.7638        33.0118       0.579514
        7.07007        23.2313        23.0667        21.7696        33.0404       0.577019
        7.08007        23.2353        23.0706        21.7752        33.0689       0.574329
        7.09007        23.2393        23.0745         21.781        33.0973       0.571621
        7.10007        23.2432        23.0783        21.7866        33.1254       0.568752
        7.11007        23.2472        23.0821        21.7922        33.1532       0.565903
        7.12007        23.2509        23.0857        21.7976        33.1804        0.56284
        7.13007        23.2545        23.0892         21.803        33.2069       0.559799
        7.14007        23.2579        23.0925        21.8081        33.2327       0.556667
        7.15007        23.2611        23.0956         21.813        33.2576       0.553463
        7.16007        23.2641        23.0986        21.8178        33.2816       0.550285
        7.17007        23.2668        23.1011        21.8222        33.3043       0.546955
        7.18007        23.2692        23.1035        21.8264         33.326       0.543648
        7.19007        23.2714        23.1056        21.8303        33.3464        0.54034
        7.20007        23.2732        23.1073        21.8338        33.3655       0.536976
        7.21007        23.2747        23.1088         21.837        33.3831       0.533607
        7.22007        23.2758        23.1098        21.8399        33.3992       0.530247
        7.23007        23.2766        23.1106        21.8424        33.4139        0.52689
        7.24007         23.277        23.1109        21.8445        33.4269       0.523518
        7.25007         23.277        23.1109        21.8462        33.4383        0.52018
        7.26007        23.2766        23.1104        21.8475         33.448        0.51683
        7.27007        23.2758        23.1096        21.8484         33.456       0.513477
        7.28007        23.2746        23.1084        21.8488        33.4623       0.510201
        7.29007         23.273        23.1068        21.8489        33.4669       0.506905
        7.30007         23.271        23.1047        21.8485        33.4697       0.503674
        7.31007        23.2686        23.1023        21.8477        33.4708       0.500431
        7.32007        23.2658        23.0995        21.8465        33.4701       0.497223
        7.33007        23.2626        23.0962        21.8449        33.4678       0.494045
        7.34007         23.259        23.0926        21.8428        33.4637       0.490887
        7.35007         23.255        23.0887        21.8405        33.4581       0.487808
        7.36007        23.2507        23.0843        21.8377        33.4508       0.484745
        7.37007        23.2459        23.0796        21.8344        33.4418       0.481647
        7.38007        23.2409        23.0746        21.8309        33.4315       0.478664
        7.39007        23.2356        23.0692         21.827        33.4196       0.475689
        7.40007        23.2299        23.0635        21.8228        33.4063       0.472691
        7.41007        23.2239        23.0576        21.8183        33.3917       0.469753
        7.42007        23.2177        23.0514        21.8134        33.3758       0.466824
        7.43008        23.2112        23.0449        21.8084        33.3587       0.463921
        7.44008        23.2045        23.0382         21.803        33.3405       0.461018
        7.45008        23.1976        23.0313        21.7975        33.3212       0.458145
        7.46008        23.1905        23.0242        21.7917         33.301       0.455215
        7.47008        23.1832         23.017        21.7857          33.28       0.452362
        7.48008        23.1759        23.0097        21.7797        33.2581       0.449497
        7.49008        23.1683        23.0021        21.7733        33.2356       0.446541
        7.50008        23.1607        22.9946         21.767        33.2125       0.443661
        7.51008        23.1531        22.9869        21.7606        33.1889       0.440708
        7.52008        23.1454        22.9793        21.7542         33.165       0.437805
        7.53008        23.1377        22.9716        21.7476        33.1407       0.434799
        7.54008          23.13        22.9639        21.7411        33.1162       0.431755
        7.55008        23.1224        22.9563        21.7346        33.0916       0.428711
        7.56008        23.1148        22.9488        21.7281         33.067       0.425621
        7.57008        23.1073        22.9413        21.7218        33.0426       0.422485
        7.58008        23.0999        22.9339        21.7155        33.0182       0.419254
        7.59008        23.0927        22.9267        21.7093        32.9942       0.416012
        7.60008        23.0856        22.9196        21.7032        32.9705       0.412647
        7.61008        23.0787        22.9127        21.6974        32.9473        0.40929
        7.62008         23.072         22.906        21.6917        32.9245        0.40583
        7.63008        23.0655        22.8995        21.6862        32.9025       0.402317
        7.64008        23.0592        22.8932        21.6809         32.881       0.398689
        7.65008        23.0532        22.8871        21.6759        32.8604       0.395004
        7.66008        23.0474        22.8814        21.6711        32.8405       0.391254
        7.67008         23.042        22.8759        21.6666        32.8216       0.387436
        7.68008        23.0368        22.8707        21.6623        32.8035       0.383488
        7.69008        23.0319        22.8658        21.6584        32.7865       0.379456
        7.70008        23.0273        22.8613        21.6548        32.7706       0.375381
        7.71008        23.0231         22.857        21.6515        32.7557       0.371178
        7.72008        23.0191         22.853        21.6484        32.7419       0.366875
        7.73008        23.0156        22.8494        21.6458        32.7293       0.362534
        7.74008        23.0124        22.8462        21.6435        32.7179       0.358093
        7.75008        23.0095        22.8433        21.6415        32.7078       0.353596
        7.76008        23.0069        22.8407        21.6398        32.6988       0.348957
        7.77008        23.0047        22.8385        21.6385        32.6912       0.344292
        7.78008        23.0029        22.8366        21.6376        32.6847       0.339527
        7.79008        23.0014         22.835         21.637        32.6796       0.334698
        7.80008        23.0002        22.8338        21.6367        32.6756       0.329803
        7.81008        22.9994         22.833        21.6368         32.673       0.324886
        7.82008        22.9989        22.8324        21.6372        32.6716       0.319889
        7.83008        22.9987        22.8322        21.6379        32.6714       0.314857
        7.84008         22.999        22.8324         21.639        32.6725        0.30983
        7.85008        22.9995        22.8328        21.6405        32.6748       0.304752
        7.86009        23.0002        22.8335        21.6421        32.6781       0.299595
        7.87009        23.0013        22.8346        21.6441        32.6826       0.294468
        7.88009        23.0027        22.8359        21.6464        32.6882        0.28936
        7.89009        23.0043        22.8375        21.6489        32.6947       0.284218
        7.90009        23.0062        22.8393        21.6517        32.7023       0.279053
        7.91009        23.0083        22.8414        21.6548        32.7108        0.27396
        7.92009        23.0106        22.8437         21.658        32.7202       0.268879
        7.93009        23.0132        22.8462        21.6615        32.7304        0.26384
        7.94009         23.016        22.8489        21.6652        32.7415       0.258865
        7.95009        23.0189        22.8518        21.6691        32.7532       0.253975
        7.96009         23.022        22.8548        21.6731        32.7656       0.249104
        7.97009        23.0253        22.8581        21.6774        32.7786       0.244347
        7.98009        23.0286        22.8614        21.6816         32.792       0.239639
        7.99009        23.0322        22.8649        21.6862        32.8061       0.235134
        8.00009        23.0358        22.8684        21.6907        32.8204       0.230656
        8.01009        23.0395        22.8721        21.6954        32.8351       0.226349
        8.02009        23.0433        22.8758        21.7001        32.8501       0.222179
        8.03009        23.0471        22.8796        21.7049        32.8653       0.218155
        8.04009        23.0509        22.8834        21.7097        32.8806       0.214264
        8.05009        23.0548        22.8872        21.7145         32.896       0.210579
        8.06009        23.0587        22.8911        21.7193        32.9114        0.20705
        8.07009        23.0626        22.8949        21.7242        32.9267       0.203743
        8.08009        23.0665        22.8988         21.729         32.942       0.200615
        8.09009        23.0703        22.9025        21.7338         32.957       0.197689
        8.10009        23.0741        22.9063        21.7385        32.9718       0.194988
        8.11009        23.0778          22.91        21.7432        32.9863        0.19252
        8.12009        23.0815        22.9136        21.7478        33.0004         0.1903
        8.13009         23.085        22.9171        21.7522        33.0142       0.188297
        8.14009        23.0886        22.9207        21.7567        33.0276       0.186642
        8.15009        23.0918        22.9239        21.7609        33.0403       0.185062
        8.16009        23.0951        22.9271        21.7651        33.0526       0.183834
        8.17009        23.0983        22.9303        21.7692        33.0643       0.182907
        8.18009        23.1013        22.9333        21.7731        33.0754       0.182213
        8.19009        23.1042        22.9362        21.7769        33.0859       0.181858
        8.20009        23.1069        22.9389        21.7805        33.0956       0.181728
        8.21009        23.1095        22.9415         21.784        33.1047       0.181881
        8.22009        23.1119        22.9439        21.7873         33.113       0.182323
        8.23009        23.1143        22.9462        21.7904        33.1206       0.183075
        8.24009        23.1164        22.9484        21.7934        33.1274       0.184113
        8.25009        23.1185        22.9504        21.7963        33.1335       0.185463
        8.26009        23.1204        22.9523         21.799        33.1388       0.187103
        8.27009         23.122         22.954        21.8015        33.1433        0.18898
        8.28009        23.1236        22.9555        21.8038        33.1471       0.191181
        8.29009         23.125         22.957         21.806          33.15       0.193672
        8.30009        23.1263        22.9583         21.808        33.1522       0.196442
        8.31009        23.1274        22.9594        21.8099        33.1536       0.199455
         8.3201        23.1284        22.9604        21.8116        33.1543       0.202808
         8.3301        23.1293        22.9612        21.8132        33.1541       0.206345
         8.3401          23.13         22.962        21.8146        33.1533       0.210182
         8.3501        23.1307        22.9627         21.816        33.1519       0.214367
         8.3601        23.1311        22.9631        21.8171        33.1497        0.21867
         8.3701        23.1315        22.9635        21.8181        33.1468       0.223244
         8.3801        23.1318        22.9638        21.8191        33.1434       0.228085
         8.3901         23.132        22.9641        21.8199        33.1394       0.233143
         8.4001        23.1322        22.9642        21.8207        33.1348       0.238426
         8.4101        23.1322        22.9643        21.8213        33.1297       0.243885
         8.4201        23.1323        22.9643        21.8219        33.1242       0.249599
         8.4301        23.1322        22.9642        21.8224        33.1182        0.25544
         8.4401         23.132        22.9641        21.8228        33.1118       0.261444
         8.4501        23.1319         22.964        21.8232        33.1051       0.267624
         8.4601        23.1318        22.9639        21.8236        33.0981       0.274006
         8.4701        23.1315        22.9636        21.8238        33.0907       0.280441
         8.4801        23.1314        22.9635        21.8242        33.0833        0.28709
         8.4901        23.1312        22.9633        21.8245        33.0756         0.2938
         8.5001         23.131        22.9632        21.8247        33.0677       0.300613
         8.5101        23.1309         22.963         21.825        33.0598       0.307526
         8.5201        23.1308        22.9629        21.8253        33.0519        0.31451
         8.5301        23.1307        22.9629        21.8257         33.044        0.32159
         8.5401        23.1307        22.9629        21.8261         33.036       0.328663
         8.5501        23.1307        22.9629        21.8265        33.0282       0.335773
         8.5601        23.1309         22.963         21.827        33.0206       0.342949
         8.5701        23.1311        22.9633        21.8276        33.0131       0.350151
         8.5801        23.1314        22.9635        21.8282        33.0059       0.357296
         8.5901        23.1317        22.9639        21.8289        32.9988       0.364456
         8.6001        23.1322        22.9643        21.8296        32.9921        0.37154
         8.6101        23.1328        22.9649        21.8305        32.9857       0.378643
         8.6201        23.1334        22.9656        21.8315        32.9797       0.385654
         8.6301        23.1342        22.9664        21.8326         32.974       0.392647
         8.6401        23.1351        22.9673        21.8337        32.9688       0.399509
         8.6501        23.1361        22.9682         21.835         32.964       0.406265
         8.6601        23.1372        22.9694        21.8364        32.9596       0.412952
         8.6701        23.1385        22.9706        21.8379        32.9558       0.419556
         8.6801        23.1399         22.972        21.8396        32.9525       0.426044
         8.6901        23.1414        22.9736        21.8413        32.9497       0.432373
         8.7001        23.1431        22.9753        21.8433        32.9476       0.438633
         8.7101        23.1449         22.977        21.8452        32.9458       0.444641
         8.7201        23.1468        22.9789        21.8474        32.9448       0.450592
         8.7301        23.1489        22.9809        21.8496        32.9442        0.45631
         8.7401         23.151         22.983        21.8519        32.9442       0.461823
         8.7501        23.1533        22.9853        21.8545        32.9448       0.467255
        8.76011        23.1557        22.9878        21.8571         32.946       0.472469
        8.77011        23.1583        22.9903        21.8598        32.9478       0.477551
        8.78011        23.1609        22.9929        21.8627        32.9501       0.482349
        8.79011        23.1637        22.9957        21.8656         32.953          0.487
        8.80011        23.1666        22.9985        21.8686        32.9565       0.491428
        8.81011        23.1696        23.0015        21.8718        32.9605       0.495697
        8.82011        23.1727        23.0046         21.875         32.965       0.499741
        8.83011        23.1758        23.0077        21.8784        32.9701       0.503567
        8.84011         23.179        23.0109        21.8818        32.9756       0.507164
        8.85011        23.1824        23.0142        21.8852        32.9815       0.510559
        8.86011        23.1858        23.0176        21.8888         32.988       0.513775
        8.87011        23.1892         23.021        21.8924        32.9948       0.516731
        8.88011        23.1928        23.0246        21.8961        33.0021       0.519573
        8.89011        23.1963        23.0281        21.8998        33.0097       0.522114
        8.90011        23.1999        23.0317        21.9036        33.0177        0.52449
        8.91011        23.2036        23.0353        21.9073        33.0259       0.526634
        8.92011        23.2072        23.0389        21.9111        33.0344        0.52858
        8.93011        23.2109        23.0426         21.915        33.0432       0.530354
        8.94011        23.2146        23.0463        21.9188        33.0522        0.53194
        8.95011        23.2183        23.0499        21.9226        33.0614       0.533283
        8.96011         23.222        23.0536        21.9265        33.0707       0.534477
        8.97011        23.2257        23.0572        21.9303        33.0802       0.535488
        8.98011        23.2293        23.0609        21.9341        33.0897       0.536308
        8.99011        23.2329        23.0645        21.9378        33.0993       0.536964
        9.00011        23.2365         23.068        21.9415        33.1089       0.537441
        9.01011          23.24        23.0715        21.9452        33.1185       0.537743
        9.02011        23.2435         23.075        21.9488         33.128       0.537895
        9.03011        23.2469        23.0784        21.9523        33.1374       0.537914
        9.04011        23.2503        23.0817        21.9558        33.1467       0.537773
        9.05011        23.2536         23.085        21.9591        33.1559       0.537479
        9.06011        23.2568        23.0882        21.9625        33.1649        0.53709
        9.07011        23.2599        23.0913        21.9656        33.1737       0.536541
        9.08011        23.2629        23.0943        21.9687        33.1822       0.535866
        9.09011        23.2657        23.0971        21.9717        33.1905       0.535023
        9.10011        23.2686           23.1        21.9747        33.1986       0.534218
        9.11011        23.2713        23.1027        21.9774        33.2062       0.533169
        9.12011        23.2739        23.1053        21.9801        33.2136       0.532085
        9.13011        23.2764        23.1077        21.9826        33.2206       0.530895
        9.14011        23.2787        23.1101         21.985        33.2272       0.529636
        9.15011        23.2809        23.1123        21.9873        33.2334       0.528275
        9.16011         23.283        23.1144        21.9895        33.2392       0.526848
        9.17011         23.285        23.1164        21.9915        33.2447       0.525368
        9.18011        23.2868        23.1182        21.9934        33.2496       0.523796
        9.19011        23.2885        23.1199        21.9951        33.2541       0.522141
        9.20012        23.2901        23.1216        21.9967        33.2582       0.520531
        9.21012        23.2915         23.123        21.9981        33.2618       0.518772
        9.22012        23.2928        23.1243        21.9994        33.2649       0.516998
        9.23012        23.2939        23.1254        22.0005        33.2676       0.515171
        9.24012        23.2949        23.1264        22.0015        33.2698       0.513306
        9.25012        23.2959        23.1273        22.0024        33.2715       0.511467
        9.26012        23.2966         23.128        22.0031        33.2728       0.509525
        9.27012        23.2972        23.1287        22.0037        33.2736       0.507599
        9.28012        23.2976        23.1291        22.0041        33.2739       0.505611
        9.29012         23.298        23.1295        22.0044        33.2738       0.503651
        9.30012        23.2981        23.1297        22.0046        33.2732       0.501629
        9.31012        23.2982        23.1297        22.0046        33.2722       0.499588
        9.32012        23.2981        23.1297        22.0044        33.2708       0.497547
        9.33012         23.298        23.1295        22.0042        33.2689       0.495522
        9.34012        23.2977        23.1293        22.0038        33.2667       0.493473
        9.35012        23.2972        23.1289        22.0033        33.2641       0.491398
        9.36012        23.2967        23.1283        22.0027        33.2611       0.489285
        9.37012         23.296        23.1277        22.0019        33.2578       0.487183
        9.38012        23.2952        23.1269         22.001        33.2541       0.485069
        9.39012        23.2944        23.1261        22.0001        33.2502       0.482975
        9.40012        23.2934        23.1251         21.999        33.2459       0.480824
        9.41012        23.2923         23.124        21.9978        33.2414       0.478683
        9.42012        23.2912        23.1229        21.9965        33.2367       0.476574
        9.43012        23.2899        23.1217        21.9951        33.2317       0.474426
        9.44012        23.2885        23.1203        21.9935        33.2264       0.472172
        9.45012        23.2871        23.1189         21.992        33.2211       0.470009
        9.46012        23.2856        23.1174        21.9903        33.2156       0.467857
        9.47012         23.284        23.1159        21.9886        33.2099       0.465626
        9.48012        23.2824        23.1142        21.9867        33.2041        0.46339
        9.49012        23.2807        23.1125        21.9848        33.1983       0.461159
        9.50012        23.2789        23.1107        21.9828        33.1923        0.45887
        9.51012         23.277        23.1089        21.9808        33.1863       0.456593
        9.52012        23.2751         23.107        21.9787        33.1803       0.454304
        9.53012        23.2732        23.1051        21.9766        33.1743       0.452049
        9.54012        23.2712        23.1031        21.9744        33.1683       0.449688
        9.55012        23.2691        23.1011        21.9721        33.1622       0.447289
        9.56012         23.267         23.099        21.9698        33.1563       0.444923
        9.57012        23.2649        23.0969        21.9675        33.1505       0.442513
        9.58012        23.2627        23.0947        21.9651        33.1447       0.440071
        9.59012        23.2605        23.0925        21.9626         33.139       0.437607
        9.60012        23.2582        23.0903        21.9601        33.1334       0.435112
        9.61012        23.2559         23.088        21.9576        33.1279       0.432587
        9.62012        23.2536        23.0857        21.9551        33.1227       0.430035
        9.63013        23.2513        23.0834        21.9526        33.1175       0.427498
        9.64013        23.2489         23.081          21.95        33.1125       0.424877
        9.65013        23.2465        23.0786        21.9473        33.1077        0.42223
        9.66013        23.2442        23.0763        21.9447        33.1032       0.419621
        9.67013        23.2417        23.0739         21.942        33.0987        0.41692
        9.68013        23.2393        23.0714        21.9394        33.0945       0.414238
        9.69013        23.2368         23.069        21.9367        33.0905       0.411484
        9.70013        23.2343        23.0665        21.9339        33.0866       0.408691
        9.71013        23.2318         23.064        21.9312         33.083       0.405918
        9.72013        23.2293        23.0615        21.9284        33.0796       0.403152
        9.73013        23.2268         23.059        21.9256        33.0763        0.40028
        9.74013        23.2242        23.0564        21.9228        33.0733       0.397438
        9.75013        23.2216        23.0539          21.92        33.0705       0.394566
        9.76013        23.2191        23.0513        21.9172         33.068       0.391727
        9.77013        23.2165        23.0488        21.9144        33.0656        0.38884
        9.78013        23.2139        23.0462        21.9116        33.0634       0.385948
        9.79013        23.2113        23.0436        21.9087        33.0613       0.383018
        9.80013        23.2087        23.0409        21.9058        33.0595       0.380108
        9.81013         23.206        23.0383        21.9029        33.0578       0.377197
        9.82013        23.2033        23.0356           21.9        33.0563       0.374268
        9.83013        23.2007         23.033        21.8971        33.0549       0.371353
        9.84013         23.198        23.0303        21.8942        33.0537       0.368443
        9.85013        23.1953        23.0276        21.8912        33.0526       0.365559
        9.86013        23.1926        23.0249        21.8883        33.0517        0.36272
        9.87013        23.1898        23.0222        21.8853        33.0508       0.359829
        9.88013        23.1871        23.0195        21.8823          33.05       0.356991
        9.89013        23.1843        23.0167        21.8794        33.0493       0.354179
        9.90013        23.1816         23.014        21.8764        33.0487       0.351421
        9.91013        23.1788        23.0112        21.8734        33.0482       0.348667
        9.92013        23.1761        23.0085        21.8704        33.0477       0.345993
        9.93013        23.1733        23.0057        21.8674        33.0472       0.343323
        9.94013        23.1705        23.0029        21.8644        33.0468       0.340721
        9.95013        23.1677        23.0001        21.8613        33.0464       0.338158
        9.96013        23.1649        22.9973        21.8583        33.0459       0.335655
        9.97013        23.1621        22.9945        21.8553        33.0455       0.333225
        9.98013        23.1592        22.9917        21.8523        33.0451       0.330853
        9.99013        23.1565         22.989        21.8493        33.0446       0.328575
        10.0001        23.1536        22.9861        21.8462         33.044        0.32629
