

       Matrix Size                  Problem      Size
       -----------                  -----------------
    CM Rows:                 86     Angles         39
    CM Columns:             117     Voltages       39
    Jacobian elements:      616     Xformers       12
    KTM elements:          1004     MW gens         9
                                    MV gens         9
                                    Bus Shunts      0
                                    Sw. Shunts      0
                                    Load Shed       1
                                    Flows           0
                                    Interfaces      0
                                    S. Compen.      0
                                    R-cap.          0
                                    Res. Units      0
                                    Reserves        0
                                    Area Int.       0
                                    Lin. Dep.       8
                                    Segments        0

 All data appears to be okay

 KKT Matrix Factorize statistics...
 ----------------------------------
 Symbolic Factors. Opts:     225   Elements:    204   Compres:       0    % Fill-in:     44

 KKT Matrix Factorize statistics...
 ----------------------------------
 Symbolic Factors. Opts:    8255   Elements:   1664   Compres:       1    % Fill-in:     89
 Unfactored.    Columns:     188   Elements:    880   Density:    2.49
 Numeric  Factors. 2x2s:      23   Elements:   1678   Compres:       1    % Fill-in:     91
       Neg. Eigenvalues:      86  Max front:     20  N-Steps :      88


 Iter  Mu NL Objective  Norm RHS  Mismatch(pu)  Row Equation       Nearest Variable    Step size   NE
 ----  -- ------------ ---------- ------------------------------  ------------------------------  ---
   1    0  9.00000E+00   2.84E+02   8.14E+00    Peqn       38      Qgen       37    u   1.38E-02
   2x   2 -5.26449E+02   8.88E+03   7.73E+00    Peqn       38      Qgen       36    u   3.08E-02
   3    1 -2.98644E+02   3.68E+04*  7.39E+00    Peqn       38      Qgen       31    u   6.11E-01
   4    1 -1.45512E+02   1.24E+05*  2.85E+00    Peqn       38      Shed       +1        2.61E-01
   5x   1  2.60894E+02   1.63E+05*  1.44E+00    Peqn       29      Volt       36    u   4.40E-01
   6    0  1.94760E+02   4.14E+04*  5.52E-01    Peqn       35      Pgen        2    u   3.41E-01
   7x   0  6.42055E+01   2.03E+04   2.42E-01    Peqn       35      Pgen        2    u   1.10E-01
   8x   0  6.34151E+01   5.98E+04*  2.15E-01    Peqn       35                           1.00E+00
   9   -1  6.50144E+01   5.88E+04   3.63E-02    Qeqn       37      Pgen        2    u   7.73E-01
  10   -1  5.87974E+01   6.83E+04   1.81E-02    Peqn       37      Volt       36    u   7.10E-01
  11   -2  5.47870E+01   7.19E+04   2.02E-02    Peqn       35      LnCs       +7    u   2.15E-01
  12   -3  5.13960E+01   6.54E+04   1.69E-02    Peqn       37      Volt       19    u   4.04E-01
  13x  -3  5.10407E+01   6.05E+04   1.05E-02    Peqn       37      Volt        2    u   4.73E-01
  14x  -3  5.08686E+01   3.99E+04   3.12E-03    Peqn       37      Volt        5    u   6.57E-01
  15   -4  5.08147E+01   6.43E+04   1.14E-03    Peqn       32      Qgen       35    u   8.81E-01
  16   -4  5.07915E+01   5.80E+04   1.56E-04    Qeqn       37

 Optimal Solution Found.

 Minimum fuel cost objective: 9.0

 Minimum load shed objective: 41.791492

 Elapsed time: 0 minutes, 0.083984 seconds.

     CPU time: 0 minutes, 0.015625 seconds.

 Column        Name            F S    Value         Lower         Upper          Cost
 -------- ------------------  ----  ---------  ------------  ------------    ----------
       1   Angl        1         3   -0.00114       -6.2832        6.2832
       2   Angl        2         3   -0.00178       -6.2832        6.2832
       3   Angl        3         3   -0.03510       -6.2832        6.2832
       4   Angl        4         3   -0.02124       -6.2832        6.2832
       5   Angl        5         3    0.00760       -6.2832        6.2832
       6   Angl        6         3    0.01999       -6.2832        6.2832
       7   Angl        7         3   -0.01209       -6.2832        6.2832
       8   Angl        8         3   -0.01939       -6.2832        6.2832
       9   Angl        9         3   -0.00848       -6.2832        6.2832
      10   Angl       10         3    0.05761       -6.2832        6.2832
      11   Angl       11         3    0.04460       -6.2832        6.2832
      12   Angl       12         3    0.04338       -6.2832        6.2832
      13   Angl       13         3    0.04410       -6.2832        6.2832
      14   Angl       14         3    0.01208       -6.2832        6.2832
      15   Angl       15         3   -0.00050       -6.2832        6.2832
      16   Angl       16         3    0.01967       -6.2832        6.2832
      17   Angl       17         3   -0.02686       -6.2832        6.2832
      18   Angl       18         3   -0.03693       -6.2832        6.2832
      19   Angl       19         3    0.12066       -6.2832        6.2832
      20   Angl       20         3    0.10798       -6.2832        6.2832
      21   Angl       21         3    0.07108       -6.2832        6.2832
      22   Angl       22         3    0.15547       -6.2832        6.2832
      23   Angl       23         3    0.15373       -6.2832        6.2832
      24   Angl       24         3    0.02536       -6.2832        6.2832
      25   Angl       25         3   -0.00218       -6.2832        6.2832
      26   Angl       26         3   -0.11801       -6.2832        6.2832
      27   Angl       27         3   -0.09544       -6.2832        6.2832
      28   Angl       28         3   -0.22182       -6.2832        6.2832
      29   Angl       29         3   -0.22728       -6.2832        6.2832
      30   Angl       30         3    0.04387       -6.2832        6.2832
      31   Angl       31         3    0.14886       -6.2832        6.2832
      32   Angl       32         3    0.19745       -6.2832        6.2832
      33   Angl       33         3    0.21401       -6.2832        6.2832
      34   Angl       34         3    0.20233       -6.2832        6.2832
      35   Angl       35         3    0.24583       -6.2832        6.2832
      36   Angl       36         3    0.30206       -6.2832        6.2832
      37   Angl       37         3    0.12275       -6.2832        6.2832
      38   Angl       38         3   -0.22728       -6.2832        6.2832
      39   Angl       39       F 4    0.00000       -6.2832        6.2832
      40   Volt        1       U 1    1.09993        0.7000        1.1000      -6.93195
      41   Volt        2       U 1    1.09999        0.7000        1.1000     -20.95937
      42   Volt        3         2    1.08770        0.7000        1.1000
      43   Volt        4         2    1.08804        0.7000        1.1000
      44   Volt        5       U 1    1.09999        0.7000        1.1000     -18.96313
      45   Volt        6       U 1    1.09958        0.7000        1.1000      -0.28976
      46   Volt        7         2    1.08882        0.7000        1.1000
      47   Volt        8         2    1.08730        0.7000        1.1000
      48   Volt        9         2    1.09584        0.7000        1.1000
      49   Volt       10       U 1    1.09669        0.7000        1.1000      -0.18905
      50   Volt       11       U 1    1.09647        0.7000        1.1000      -0.11313
      51   Volt       12         2    1.08302        0.7000        1.1000
      52   Volt       13         2    1.09233        0.7000        1.1000
      53   Volt       14         2    1.08534        0.7000        1.1000
      54   Volt       15         2    1.06186        0.7000        1.1000
      55   Volt       16         2    1.06543        0.7000        1.1000
      56   Volt       17         2    1.07019        0.7000        1.1000
      57   Volt       18         2    1.07573        0.7000        1.1000
      58   Volt       19       U 1    1.09999        0.7000        1.1000     -28.69855
      59   Volt       20         2    1.04135        0.7000        1.1000
      60   Volt       21         2    1.06918        0.7000        1.1000
      61   Volt       22         2    1.09157        0.7000        1.1000
      62   Volt       23         2    1.08373        0.7000        1.1000
      63   Volt       24         2    1.07130        0.7000        1.1000
      64   Volt       25       U 1    1.09673        0.7000        1.1000      -0.65341
      65   Volt       26         2    1.07565        0.7000        1.1000
      66   Volt       27         2    1.06728        0.7000        1.1000
      67   Volt       28         2    1.05946        0.7000        1.1000
      68   Volt       29         2    1.05452        0.7000        1.1000
      69   Volt       30         2    1.07875        0.7000        1.1000
      70   Volt       31         2    1.02027        0.7000        1.1000
      71   Volt       32         2    1.04367        0.7000        1.1000
      72   Volt       33         2    1.05473        0.7000        1.1000
      73   Volt       34         2    1.06558        0.7000        1.1000
      74   Volt       35       U 1    1.09962        0.7000        1.1000      -3.78210
      75   Volt       36       U 1    1.09998        0.7000        1.1000     -20.21056
      76   Volt       37         2    1.09048        0.7000        1.1000
      77   Volt       38         2    1.02880        0.7000        1.1000
      78   Volt       39         2    1.07996        0.7000        1.1000
      79   Trns        2       F 4    0.97561        0.8333        1.2500       0.01246
      80   Trns       31       F 4    1.11111        0.8333        1.2500      -0.00206
      81   Trns       10       F 4    0.93458        0.8333        1.2500      -0.35468
      82   Trns       12       F 4    0.99404        0.8333        1.2500       0.92443
      83   Trns       12       F 4    0.99404        0.8333        1.2500      -0.94204
      84   Trns       19       F 4    0.94340        0.8333        1.2500      -6.04487
      85   Trns       19       F 4    0.93458        0.8333        1.2500      -6.92257
      86   Trns       20       F 4    0.99108        0.8333        1.2500      -5.65896
      87   Trns       22       F 4    0.97561        0.8333        1.2500       3.32893
      88   Trns       23       F 4    1.00000        0.8333        1.2500      17.79336
      89   Trns       25       F 4    0.97561        0.8333        1.2500      -4.50024
      90   Trns       29       F 4    0.97561        0.8333        1.2500       0.00312
      91   Pgen        1         2    2.91918        0.5000        3.5000
      92   Pgen        2       U 1    6.50000        0.5000        6.5000    -957.20059
      93   Pgen        3         2    7.45513        0.5000        8.0000
      94   Pgen        4         2    7.21444        0.5000        7.5000
      95   Pgen        5         2    5.85412        0.5000        6.5000
      96   Pgen        6         2    7.38927        0.5000        7.5000
      97   Pgen        7         2    6.49583        0.5000        7.5000
      98   Pgen        8         2    6.29783        0.5000        7.5000
      99   Pgen       10         2   11.43294        0.5000       12.0000
     100   Qgen       30         2    0.40013       -5.0000        2.0000
     101   Qgen       31         2    2.00365       -5.0000        5.0000
     102   Qgen       32       U 1    1.49913       -5.0000        1.5000      -0.15798
     103   Qgen       33         2    1.96046       -5.0000        2.0000
     104   Qgen       34         2    1.96336       -3.0000        2.2000
     105   Qgen       35       U 1    2.99988       -5.0000        3.0000      -0.40952
     106   Qgen       36         2    1.01898       -5.0000        2.0000
     107   Qgen       37       U 1    1.19236       -5.0000        1.2000      -0.37034
     108   Qgen       39         2   -0.19977      -10.0000       15.0000
     109   Shed       +1         2    0.85259        0.0100        9.5000
     110   LnCs       +1       U 1   -0.00119       -0.0012       -0.0012    -3.315E+04
     111   LnCs       +2       F 4    0.00047        0.0005        0.0005     5.607E+05
     112   LnCs       +3       U 1   -0.00021       -0.0002       -0.0002    -7.515E+04
     113   LnCs       +4       U 1    0.00009        0.0001        0.0001    -6.905E+04
     114   LnCs       +5       U 1   -0.00052       -0.0005       -0.0005    -5.991E+04
     115   LnCs       +6       F 4    0.00032        0.0003        0.0003    -6.964E+04
     116   LnCs       +7       U 1   -0.00087       -0.0009       -0.0009    -6.926E+04
     117   LnCs       +8       U 1   -0.00113       -0.0012       -0.0011    -7.074E+04

  Row        Name             Lagrange Mult.
 -------- ------------------ ---------------
       1   Peqn        1       -94.7767
       2   Peqn        2       -94.7278
       3   Peqn        3       -95.3793
       4   Peqn        4       -95.1764
       5   Peqn        5       -94.7847
       6   Peqn        6       -94.6068
       7   Peqn        7       -95.0147
       8   Peqn        8       -95.1385
       9   Peqn        9       -94.9296
      10   Peqn       10       -93.9823
      11   Peqn       11       -94.2133
      12   Peqn       12       -94.2319
      13   Peqn       13       -94.2272
      14   Peqn       14       -94.7858
      15   Peqn       15       -95.0442
      16   Peqn       16       -94.6510
      17   Peqn       17       -95.4171
      18   Peqn       18       -95.5233
      19   Peqn       19       -92.9438
      20   Peqn       20       -93.0700
      21   Peqn       21       -93.9771
      22   Peqn       22       -92.9342
      23   Peqn       23       -92.9452
      24   Peqn       24       -94.5922
      25   Peqn       25       -95.0373
      26   Peqn       26       -97.2167
      27   Peqn       27       -96.6607
      28   Peqn       28       -99.3174
      29   Peqn       29       -99.4418
      30   Peqn       30       -94.7278
      31   Peqn       31       -94.6067
      32   Peqn       32       -93.9374
      33   Peqn       33       -92.0634
      34   Peqn       34       -92.1629
      35   Peqn       35       -92.8533
      36   Peqn       36       -92.3516
      37   Peqn       37       -94.3223
      38   Peqn       38       -99.4418
      39   Peqn       39       -94.8220
      40   Qeqn        1       0.186322
      41   Qeqn        2      -2.775663E-04
      42   Qeqn        3      -0.250941
      43   Qeqn        4      -0.192352
      44   Qeqn        5       3.618178E-02
      45   Qeqn        6      -9.107043E-05
      46   Qeqn        7      -9.046295E-02
      47   Qeqn        8      -9.634822E-02
      48   Qeqn        9       6.349633E-02
      49   Qeqn       10      -0.160685
      50   Qeqn       11      -0.126059
      51   Qeqn       12      -0.295923
      52   Qeqn       13      -0.222135
      53   Qeqn       14      -0.308821
      54   Qeqn       15      -0.773032
      55   Qeqn       16      -0.785139
      56   Qeqn       17      -0.733597
      57   Qeqn       18      -0.554945
      58   Qeqn       19      -0.178908
      59   Qeqn       20      -0.210701
      60   Qeqn       21      -0.761683
      61   Qeqn       22      -0.483309
      62   Qeqn       23      -0.504220
      63   Qeqn       24      -0.718446
      64   Qeqn       25      -0.417212
      65   Qeqn       26      -0.853030
      66   Qeqn       27      -0.919169
      67   Qeqn       28       -1.15468
      68   Qeqn       29       -1.24734
      69   Qeqn       30      -8.430767E-05
      70   Qeqn       31      -4.363347E-05
      71   Qeqn       32      -0.157975
      72   Qeqn       33      -2.539398E-02
      73   Qeqn       34       2.876226E-04
      74   Qeqn       35      -0.409518
      75   Qeqn       36      -2.103007E-04
      76   Qeqn       37      -0.370345
      77   Qeqn       38       -1.24730
      78   Qeqn       39       8.929414E-06
      79   LNCS      +79       -33154.6
      80   LNCS      +80        560686.
      81   LNCS      +81       -75149.6
      82   LNCS      +82       -69046.9
      83   LNCS      +83       -59905.6
      84   LNCS      +84       -69638.3
      85   LNCS      +85       -69263.5
      86   LNCS      +86       -70741.6
